100
9 44 47 63 80 87 96 
4 10 19 20 40 49 60 66 70 75 
19 20 30 38 54 56 77 80 85 
96 
1 28 35 39 42 53 69 70 72 74 84 88 89 96 99 
7 32 45 82 89 
17 21 36 46 56 67 75 84 85 
5 9 17 24 26 53 70 74 79 93 99 
23 41 52 71 88 98 
0 7 33 51 55 60 61 69 80 81 91 
1 14 29 32 37 38 41 56 60 64 65 70 80 83 85 89 94 
41 56 60 66 82 
13 46 55 84 
12 22 29 33 34 50 59 60 83 95 99 
10 36 53 57 70 
32 33 39 85 86 
35 96 
6 7 20 40 45 48 52 85 93 
22 24 27 34 38 51 52 61 62 67 79 87 
1 2 27 38 41 63 73 98 
1 2 17 23 25 38 82 85 99 
6 27 28 33 39 60 63 66 85 94 
13 18 32 33 37 46 65 83 87 
8 20 27 33 39 49 50 58 65 
7 18 28 57 60 63 73 
20 26 
7 25 28 32 34 58 59 62 70 74 96 
18 19 21 23 39 53 58 59 96 
4 21 24 26 44 59 81 89 92 
10 13 37 46 58 64 89 93 
2 32 47 62 65 69 73 
46 48 52 62 66 72 
5 10 15 22 26 30 50 52 59 65 71 79 83 87 96 
9 13 15 21 22 23 34 38 49 50 54 57 58 85 
13 18 26 33 44 50 65 80 95 99 
4 16 38 41 60 62 77 
6 14 49 54 79 95 98 
10 22 29 43 70 74 77 86 87 93 98 99 
2 10 18 19 20 33 35 50 52 57 58 69 70 75 91 95 
4 15 21 23 27 46 50 55 74 81 89 94 95 98 
1 17 42 54 59 62 72 99 
8 10 11 19 35 60 74 80 87 97 
4 40 44 49 59 75 77 88 99 
37 46 47 87 93 97 99 
0 28 34 42 54 87 
5 17 50 55 71 77 
6 12 22 29 31 39 43 48 60 81 
0 30 43 57 62 86 89 99 
17 31 46 51 59 60 68 86 
1 23 33 36 42 52 53 77 
13 23 32 33 34 38 39 45 56 79 
9 18 48 57 68 95 
8 17 18 31 32 38 49 62 74 92 98 
4 7 14 27 49 55 56 58 78 84 
2 33 36 40 44 62 64 73 82 
9 12 39 45 53 58 72 90 97 98 99 
2 6 10 11 50 53 70 75 79 80 96 98 99 
14 24 33 38 47 51 62 95 
23 26 27 29 33 38 53 55 66 84 87 89 93 95 96 
13 26 27 28 32 40 42 48 88 96 99 
1 9 10 11 13 21 24 35 41 46 48 62 72 80 83 86 87 89 97 99 
9 18 65 73 76 77 85 86 
18 26 30 31 35 40 47 52 54 57 60 67 72 73 82 98 
0 19 21 24 71 76 83 84 87 92 98 
10 29 54 65 68 80 87 96 
10 22 23 30 32 34 61 64 
1 11 21 31 58 97 99 
6 18 62 75 80 81 89 
48 51 64 70 73 74 77 91 94 
4 9 30 38 70 
1 4 7 10 14 26 37 38 56 68 69 80 81 87 89 98 
8 32 45 63 
4 31 40 55 60 62 90 
19 24 30 54 61 62 68 96 
4 7 26 37 39 41 52 68 78 82 85 
1 6 38 42 56 67 80 86 96 
61 63 82 87 93 
2 35 37 42 45 49 61 68 85 93 95 97 
53 74 
7 18 32 36 50 56 88 96 
0 2 9 10 34 41 56 60 64 67 70 75 83 
9 28 39 46 67 70 99 
5 11 20 54 62 74 76 87 
10 13 22 32 60 63 80 
4 6 12 53 58 63 96 99 
2 6 10 15 17 20 21 33 61 74 77 86 
15 37 47 48 60 61 75 85 88 97 98 
0 18 22 32 37 41 43 44 58 60 63 64 70 76 82 
4 8 42 59 79 86 99 
4 5 10 28 29 39 47 58 60 67 70 93 99 
55 72 
9 38 68 
28 52 63 93 98 
7 17 29 37 43 58 76 77 89 92 
10 21 39 68 
13 34 36 38 39 51 57 58 77 
0 3 4 16 26 27 32 56 58 59 64 73 75 79 84 99 
41 43 55 60 66 77 86 
8 19 36 37 39 52 55 56 62 63 70 86 92 
4 7 13 20 34 37 40 42 43 47 55 56 59 60 66 81 84 88 89 96 
